4294967294,5
4294967294,0
4294967293,131
4294967293,130
4294967293,129
4294967293,128
4294967293,127
4294967293,126
4294967293,125
4294967293,124
4294967293,123
4294967293,122
4294967293,121
4294967293,120
4294967293,119
4294967293,118
4294967293,117
4294967293,116
4294967293,115
4294967293,114
4294967293,113
4294967293,112
4294967293,111
4294967293,110
4294967293,109
4294967293,108
4294967293,107
4294967293,106
4294967293,105
4294967293,104
4294967293,103
4294967293,102
4294967293,101
4294967293,100
4294967293,99
4294967293,98
4294967293,97
4294967293,96
4294967293,95
4294967293,94
4294967293,93
4294967293,92
4294967293,91
4294967293,90
4294967293,89
4294967293,87
4294967293,86
4294967293,85
4294967293,84
4294967293,83
4294967293,82
4294967293,81
4294967293,80
4294967293,79
4294967293,78
4294967293,77
4294967293,76
4294967293,75
4294967293,74
4294967293,73
4294967293,72
4294967293,71
4294967293,70
4294967293,69
4294967293,68
4294967293,67
4294967293,66
4294967293,65
4294967293,64
4294967293,63
4294967293,62
4294967293,61
4294967293,60
4294967293,59
4294967293,58
4294967293,57
4294967293,56
4294967293,55
4294967293,54
4294967293,53
4294967293,52
4294967293,51
4294967293,50
4294967293,49
4294967293,48
4294967293,47
4294967293,46
4294967293,45
4294967293,44
4294967293,43
4294967293,42
4294967293,41
4294967293,40
4294967293,39
4294967293,38
4294967293,37
4294967293,36
4294967293,35
4294967293,34
4294967293,33
4294967293,32
4294967293,31
4294967293,30
4294967293,29
4294967293,28
4294967293,27
4294967293,26
4294967293,25
4294967293,24
4294967293,23
4294967293,22
4294967293,21
4294967293,20
4294967293,19
4294967293,18
4294967293,17
4294967293,16
4294967293,15
4294967293,14
4294967293,13
4294967293,12
4294967293,11
4294967293,10
4294967293,9
4294967293,8
4294967293,7
4294967293,6
4294967293,5
4294967293,4
4294967293,3
4294967278,397
4294967278,128
4294967278,516
4294967278,127
4294967278,524
4294967278,123
4294967278,375
4294967278,122
4294967278,522
4294967278,118
4294967278,339
4294967278,117
4294967278,374
4294967278,116
4294967278,432
4294967278,115
4294967278,370
4294967278,114
4294967278,395
4294967278,112
4294967278,314
4294967278,108
4294967278,323
4294967278,107
4294967278,515
4294967278,106
4294967278,514
4294967278,105
4294967278,513
4294967278,104
4294967278,255
4294967278,103
4294967278,332
4294967278,102
4294967278,417
4294967278,101
4294967278,356
4294967278,100
4294967278,253
4294967278,99
4294967278,523
4294967278,96
4294967278,179
4294967278,92
4294967278,373
4294967278,91
4294967278,404
4294967278,90
4294967278,89
4294967278,394
4294967278,87
4294967278,521
4294967278,85
4294967278,322
4294967278,84
4294967278,416
4294967278,83
4294967278,520
4294967278,251
4294967278,82
4294967278,519
4294967278,382
4294967278,81
4294967278,250
4294967278,79
4294967278,249
4294967278,78
4294967278,353
4294967278,77
4294967278,291
4294967278,76
4294967278,74
4294967278,273
4294967278,71
4294967278,247
4294967278,70
4294967278,575
4294967278,65
4294967278,64
4294967278,406
4294967278,63
4294967278,402
4294967278,62
4294967278,401
4294967278,61
4294967278,518
4294967278,381
4294967278,60
4294967278,59
4294967278,246
4294967278,58
4294967278,517
4294967278,51
4294967278,50
4294967278,88
4294967278,48
4294967278,47
4294967278,43
4294967278,41
4294967278,38
4294967278,37
4294967278,36
4294967278,33
4294967278,32
4294967278,31
4294967278,29
4294967278,28
4294967278,27
4294967278,26
4294967278,24
4294967278,23
4294967278,22
4294967278,21
4294967278,19
4294967278,18
4294967278,17
4294967278,16
4294967278,15
4294967278,14
4294967278,13
4294967278,10
4294967278,348
4294967278,9
4294967278,8
4294967278,7
4294967278,243
4294967278,6
4294967278,5
4294967278,0
4294967278,260
4294967278,242
4294967278,4
4294967279,132
4294967279,131
4294967279,130
4294967279,129
4294967279,128
4294967279,127
4294967279,126
4294967279,125
4294967279,124
4294967279,123
4294967279,122
4294967279,121
4294967279,120
4294967279,119
4294967279,118
4294967279,117
4294967279,116
4294967279,115
4294967279,114
4294967279,113
4294967279,112
4294967279,111
4294967279,110
4294967279,109
4294967279,108
4294967279,107
4294967279,106
4294967279,105
4294967279,104
4294967279,103
4294967279,102
4294967279,101
4294967279,100
4294967279,99
4294967279,98
4294967279,97
4294967279,96
4294967279,95
4294967279,94
4294967279,93
4294967279,92
4294967279,91
4294967279,90
4294967279,89
4294967279,87
4294967279,86
4294967279,305
4294967279,85
4294967279,84
4294967279,83
4294967279,82
4294967279,332
4294967279,81
4294967279,80
4294967279,79
4294967279,401
4294967279,77
4294967279,71
4294967279,68
4294967279,67
4294967279,63
4294967279,62
4294967279,434
4294967279,60
4294967279,58
4294967279,323
4294967279,296
4294967279,51
4294967279,341
4294967279,50
4294967279,48
4294967279,43
4294967279,37
4294967279,350
4294967279,36
4294967279,35
4294967279,2
4294967279,88
4294967294,82
4294967294,1536
4294967294,1022
4294967294,1142
4294967294,1060
4294967294,1157
4294967294,413
4294967294,107
4294967294,936
4294967294,935
4294967294,934
4294967294,933
4294967294,932
4294967294,931
4294967294,930
4294967294,1092
4294967294,929
4294967294,669
4294967294,928
4294967294,927
4294967294,1143
4294967294,926
4294967294,925
4294967294,924
4294967294,923
4294967294,922
4294967294,1061
4294967294,921
4294967294,920
4294967294,919
4294967294,918
4294967294,917
4294967294,916
4294967294,915
4294967294,914
4294967294,913
4294967294,912
4294967294,911
4294967294,910
4294967294,909
4294967294,908
4294967294,907
4294967294,906
4294967294,905
4294967294,904
4294967294,903
4294967294,902
4294967294,901
4294967294,900
4294967294,899
4294967294,898
4294967294,897
4294967294,896
4294967294,895
4294967294,894
4294967294,893
4294967294,892
4294967294,891
4294967294,1063
4294967294,890
4294967294,665
4294967294,889
4294967294,888
4294967294,887
4294967294,886
4294967294,885
4294967294,884
4294967294,883
4294967294,882
4294967294,881
4294967294,880
4294967294,879
4294967294,878
4294967294,877
4294967294,876
4294967294,875
4294967294,874
4294967294,873
4294967294,872
4294967294,871
4294967294,870
4294967294,869
4294967294,868
4294967294,867
4294967294,866
4294967294,865
4294967294,864
4294967294,128
4294967294,863
4294967294,862
4294967294,861
4294967294,860
4294967294,859
4294967294,858
4294967294,857
4294967294,856
4294967294,855
4294967294,854
4294967294,853
4294967294,852
4294967294,851
4294967294,662
4294967294,850
4294967294,849
4294967294,848
4294967294,847
4294967294,846
4294967294,845
4294967294,844
4294967294,1210
4294967294,843
4294967294,842
4294967294,841
4294967294,840
4294967294,524
4294967294,839
4294967294,838
4294967294,837
4294967294,836
4294967294,835
4294967294,834
4294967294,833
4294967294,832
4294967294,831
4294967294,830
4294967294,829
4294967294,828
4294967294,827
4294967294,826
4294967294,825
4294967294,824
4294967294,205
4294967294,823
4294967294,204
4294967294,202
4294967294,201
4294967294,822
4294967294,821
4294967294,820
4294967294,819
4294967294,818
4294967294,394
4294967294,817
4294967294,816
4294967294,815
4294967294,813
4294967294,1175
4294967294,812
4294967294,810
4294967294,809
4294967294,808
4294967294,807
4294967294,806
4294967294,805
4294967294,804
4294967294,803
4294967294,802
4294967294,801
4294967294,800
4294967294,799
4294967294,798
4294967294,797
4294967294,796
4294967294,795
4294967294,794
4294967294,793
4294967294,792
4294967294,791
4294967294,790
4294967294,789
4294967294,788
4294967294,787
4294967294,786
4294967294,785
4294967294,784
4294967294,667
4294967294,783
4294967294,659
4294967294,782
4294967294,657
4294967294,781
4294967294,780
4294967294,779
4294967294,778
4294967294,777
4294967294,776
4294967294,775
4294967294,774
4294967294,773
4294967294,772
4294967294,771
4294967294,655
4294967294,770
4294967294,769
4294967294,768
4294967294,767
4294967294,766
4294967294,765
4294967294,764
4294967294,763
4294967294,762
4294967294,761
4294967294,760
4294967294,759
4294967294,758
4294967294,757
4294967294,756
4294967294,755
4294967294,1043
4294967294,754
4294967294,753
4294967294,752
4294967294,751
4294967294,750
4294967294,749
4294967294,748
4294967294,747
4294967294,746
4294967294,745
4294967294,744
4294967294,743
4294967294,742
4294967294,29
4294967294,741
4294967294,740
4294967294,650
4294967294,739
4294967294,738
4294967294,1121
4294967294,737
4294967294,736
4294967294,735
4294967294,734
4294967294,2
4294967294,24
4294967294,27
1,3
1,0
4294967294,25
4294967294,28
4294967294,26
4294967294,280
4294967294,279
4294967294,278
4294967294,277
4294967294,276
4294967294,275
4294967294,274
4294967294,273
4294967294,157
4294967294,272
4294967294,271
4294967294,1394
4294967294,91
